1377,1.92065,1.71447,269.878
1378,1.92130,1.71495,269.837
1379,1.92195,1.71542,269.797
1380,1.92260,1.71590,269.756
1381,1.92325,1.71637,269.715
1382,1.92390,1.71685,269.674
1383,1.92455,1.71732,269.634
1384,1.92520,1.71780,269.593
1385,1.92585,1.71827,269.552
1386,1.92650,1.71875,269.511
1387,1.92715,1.71923,269.471
1388,1.92780,1.71970,269.430
1389,1.92845,1.72018,269.389
1390,1.92910,1.72065,269.348
1391,1.92975,1.72113,269.308
1392,1.93040,1.72160,269.267
1393,1.93105,1.72208,269.226
1394,1.93170,1.72255,269.185
1395,1.93235,1.72303,269.145
1396,1.93300,1.72350,269.104
1397,1.93365,1.72398,269.063
1398,1.93430,1.72445,269.022
1399,1.93495,1.72493,268.982
1400,1.93560,1.72540,268.941
1401,1.93625,1.72588,268.900
1402,1.93690,1.72635,268.859
1403,1.93755,1.72683,268.819
1404,1.93820,1.72730,268.778
1405,1.93885,1.72778,268.737
1406,1.93950,1.72825,268.696
1407,1.94015,1.72873,268.656
1408,1.94080,1.72920,268.615
1409,1.94145,1.72968,268.574
1410,1.94210,1.73015,268.533
1411,1.94275,1.73063,268.493
1412,1.94340,1.73110,268.452
1413,1.94405,1.73158,268.411
1414,1.94470,1.73205,268.370
1415,1.94535,1.73253,268.330
1416,1.94600,1.73300,268.289
1417,1.94665,1.73348,268.248
1418,1.94730,1.73395,268.207
1419,1.94795,1.73443,268.167
1420,1.94860,1.73490,268.126
1421,1.94925,1.73538,268.085
1422,1.94990,1.73585,268.044
1423,1.95055,1.73633,268.004
1424,1.95120,1.73680,267.963
1425,1.95185,1.73728,267.922
1426,1.95250,1.73775,267.881
1427,1.95315,1.73823,267.841
1428,1.95380,1.73870,267.800
1429,1.95445,1.73918,267.759
1430,1.95510,1.73965,267.718
1431,1.95575,1.74013,267.678
1432,1.95640,1.74060,267.637
1433,1.95705,1.74108,267.596
1434,1.95770,1.74155,267.555
1435,1.95835,1.74203,267.515
1436,1.95900,1.74250,267.474
1437,1.95965,1.74298,267.433
1438,1.96030,1.74345,267.392
1439,1.96095,1.74393,267.352
1440,1.96160,1.74440,267.311
1441,1.96225,1.74488,267.270
1442,1.96290,1.74535,267.229
1443,1.96355,1.74583,267.189
1444,1.96420,1.74630,267.148
1445,1.96485,1.74678,267.107
1446,1.96550,1.74725,267.066
1447,1.96615,1.74773,267.026
1448,1.96680,1.74820,266.985
1449,1.96745,1.74868,266.944
1450,1.96810,1.74915,266.903
1451,1.96875,1.74963,266.863
1452,1.96940,1.75010,266.822
1453,1.97005,1.75058,266.781
1454,1.97070,1.75105,266.740
1455,1.97135,1.75153,266.700
1456,1.97200,1.75200,266.659
1457,1.97265,1.75248,266.618
1458,1.97330,1.75295,266.577
1459,1.97395,1.75343,266.537
1460,1.97460,1.75390,266.496
1461,1.97525,1.75438,266.455
1462,1.97590,1.75485,266.414
1463,1.97655,1.75533,266.374
1464,1.97720,1.75580,266.333
1465,1.97785,1.75628,266.292
1466,1.97850,1.75675,266.251
1467,1.97915,1.75723,266.211
1468,1.97980,1.75770,266.170
1469,1.98045,1.75818,266.129
1470,1.98110,1.75865,266.088
1471,1.98175,1.75913,266.048
1472,1.98240,1.75960,266.007
1473,1.98305,1.76008,265.966
1474,1.98370,1.76055,265.925
1475,1.98435,1.76103,265.885
1476,1.98500,1.76150,265.844
1477,1.98565,1.76198,265.803
1478,1.98630,1.76245,265.762
1479,1.98695,1.76293,265.722
1480,1.98760,1.76340,265.681
1481,1.98825,1.76388,265.640
1482,1.98890,1.76435,265.599
1483,1.98955,1.76483,265.559
1484,1.99020,1.76530,265.518
1485,1.99085,1.76578,265.477
1486,1.99150,1.76625,265.436
1487,1.99215,1.76673,265.396
1488,1.99280,1.76720,265.355
1489,1.99345,1.76768,265.314
1490,1.99410,1.76815,265.273
1491,1.99475,1.76863,265.233
1492,1.99540,1.76910,265.192
1493,1.99605,1.76958,265.151
1494,1.99670,1.77005,265.110
1495,1.99735,1.77053,265.070
1496,1.99800,1.77100,265.029
1497,1.99865,1.77148,264.988
1498,1.99930,1.77195,264.947
1499,1.99995,1.77243,264.907
1500,2.00060,1.77290,264.866
1501,2.00125,1.77338,264.825
1502,2.00190,1.77385,264.784
1503,2.00255,1.77433,264.744
1504,2.00320,1.77480,264.703
1505,2.00385,1.77528,264.662
1506,2.00450,1.77575,264.621
1507,2.00515,1.77623,264.581
1508,2.00580,1.77670,264.540
1509,2.00645,1.77718,264.499
1510,2.00710,1.77765,264.458
1511,2.00775,1.77813,264.418
1512,2.00840,1.77860,264.377
1513,2.00905,1.77908,264.336
1514,2.00970,1.77955,264.295
1515,2.01035,1.78003,264.255
1516,2.01100,1.78050,264.214
1517,2.01165,1.78098,264.173
1518,2.01230,1.78145,264.132
1519,2.01295,1.78193,264.092
1520,2.01360,1.78240,264.051
1521,2.01425,1.78288,264.010
1522,2.01490,1.78335,263.969
1523,2.01555,1.78383,263.929
1524,2.01620,1.78430,263.888
1525,2.01685,1.78478,263.847
1526,2.01750,1.78525,263.806
1527,2.01815,1.78573,263.766
1528,2.01880,1.78620,263.725
1529,2.01945,1.78668,263.684
1530,2.02010,1.78715,263.643
1531,2.02075,1.78763,263.603
1532,2.02140,1.78810,263.562
1533,2.02205,1.78858,263.521
1534,2.02270,1.78905,263.480
1535,2.02335,1.78953,263.440
1536,2.02400,1.79000,263.399
1537,2.02465,1.79048,263.358
1538,2.02530,1.79095,263.317
1539,2.02595,1.79143,263.277
1540,2.02660,1.79190,263.236
1541,2.02725,1.79238,263.195
1542,2.02790,1.79285,263.154
1543,2.02855,1.79333,263.114
1544,2.02920,1.79380,263.073
1545,2.02985,1.79428,263.032
1546,2.03050,1.79475,262.991
1547,2.03115,1.79523,262.951
1548,2.03180,1.79570,262.910
1549,2.03245,1.79618,262.869
1550,2.03310,1.79665,262.828
1551,2.03375,1.79713,262.788
1552,2.03440,1.79760,262.747
1553,2.03505,1.79808,262.706
1554,2.03570,1.79855,262.665
1555,2.03635,1.79903,262.625
1556,2.03700,1.79950,262.584
1557,2.03765,1.79998,262.543
1558,2.03830,1.80045,262.502
1559,2.03895,1.80093,262.462
1560,2.03960,1.80140,262.421
1561,2.04025,1.80188,262.380
1562,2.04090,1.80235,262.339
1563,2.04155,1.80283,262.299
1564,2.04220,1.80330,262.258
1565,2.04285,1.80378,262.217
1566,2.04350,1.80425,262.176
1567,2.04415,1.80473,262.136
1568,2.04480,1.80520,262.095
1569,2.04545,1.80568,262.054
1570,2.04610,1.80615,262.013
1571,2.04675,1.80663,261.973
1572,2.04740,1.80710,261.932
1573,2.04805,1.80758,261.891
1574,2.04870,1.80805,261.850
1575,2.04935,1.80853,261.810
1576,2.05000,1.80900,261.769
1577,2.05065,1.80948,261.728
1578,2.05130,1.80995,261.687
1579,2.05195,1.81043,261.647
1580,2.05260,1.81090,261.606
1581,2.05325,1.81138,261.565
1582,2.05390,1.81185,261.524
1583,2.05455,1.81233,261.484
1584,2.05520,1.81280,261.443
1585,2.05585,1.81328,261.402
1586,2.05650,1.81375,261.361
1587,2.05715,1.81423,261.321
1588,2.05780,1.81470,261.280
1589,2.05845,1.81518,261.239
1590,2.05910,1.81565,261.198
1591,2.05975,1.81613,261.158
1592,2.06040,1.81660,261.117
1593,2.06105,1.81708,261.076
1594,2.06170,1.81755,261.035
1595,2.06235,1.81803,260.995
1596,2.06300,1.81850,260.954
1597,2.06365,1.81898,260.913
1598,2.06430,1.81945,260.872
1599,2.06495,1.81993,260.832
1600,2.06560,1.82040,260.791
1601,2.06625,1.82088,260.750
1602,2.06690,1.82135,260.709
1603,2.06755,1.82183,260.669
1604,2.06820,1.82230,260.628
1605,2.06885,1.82278,260.587
1606,2.06950,1.82325,260.546
1607,2.07015,1.82373,260.506
1608,2.07080,1.82420,260.465
1609,2.07145,1.82468,260.424
1610,2.07210,1.82515,260.383
1611,2.07275,1.82563,260.343
1612,2.07340,1.82610,260.302
1613,2.07405,1.82658,260.261
1614,2.07470,1.82705,260.220
1615,2.07535,1.82753,260.180
1616,2.07600,1.82800,260.139
1617,2.07665,1.82848,260.098
1618,2.07730,1.82895,260.057
1619,2.07795,1.82943,260.017
1620,2.07860,1.82990,259.976
1621,2.07925,1.83038,259.935
1622,2.07990,1.83085,259.894
1623,2.08055,1.83133,259.854
1624,2.08120,1.83180,259.813
1625,2.08185,1.83228,259.772
1626,2.08250,1.83275,259.731
1627,2.08315,1.83323,259.691
1628,2.08380,1.83370,259.650
1629,2.08445,1.83418,259.609
1630,2.08510,1.83465,259.568
1631,2.08575,1.83513,259.528
1632,2.08640,1.83560,259.487
1633,2.08705,1.83608,259.446
1634,2.08770,1.83655,259.405
1635,2.08835,1.83703,259.365
1636,2.08900,1.83750,259.324
1637,2.08965,1.83798,259.283
1638,2.09030,1.83845,259.242
1639,2.09095,1.83893,259.202
1640,2.09160,1.83940,259.161
1641,2.09225,1.83988,259.120
1642,2.09290,1.84035,259.079
1643,2.09355,1.84083,259.039
1644,2.09420,1.84130,258.998
1645,2.09485,1.84178,258.957
1646,2.09550,1.84225,258.916
1647,2.09615,1.84273,258.876
1648,2.09680,1.84320,258.835
1649,2.09745,1.84368,258.794
1650,2.09810,1.84415,258.753
1651,2.09875,1.84463,258.713
1652,2.09940,1.84510,258.672
1653,2.10005,1.84558,258.631
1654,2.10070,1.84605,258.590
1655,2.10135,1.84653,258.550
1656,2.10200,1.84700,258.509
1657,2.10265,1.84748,258.468
1658,2.10330,1.84795,258.427
1659,2.10395,1.84843,258.387
1660,2.10460,1.84890,258.346
1661,2.10525,1.84938,258.305
1662,2.10590,1.84985,258.264
1663,2.10655,1.85033,258.224
1664,2.10720,1.85080,258.183
1665,2.10785,1.85128,258.142
1666,2.10850,1.85175,258.101
1667,2.10915,1.85223,258.061
1668,2.10980,1.85270,258.020
1669,2.11045,1.85318,257.979
1670,2.11110,1.85365,257.938
1671,2.11175,1.85413,257.898
1672,2.11240,1.85460,257.857
1673,2.11305,1.85508,257.816
1674,2.11370,1.85555,257.775
1675,2.11435,1.85603,257.735
1676,2.11500,1.85650,257.694
1677,2.11565,1.85698,257.653
1678,2.11630,1.85745,257.612
1679,2.11695,1.85793,257.572
1680,2.11760,1.85840,257.531
1681,2.11825,1.85888,257.490
1682,2.11890,1.85935,257.449
1683,2.11955,1.85983,257.409
1684,2.12020,1.86030,257.368
1685,2.12085,1.86078,257.327
1686,2.12150,1.86125,257.286
1687,2.12215,1.86173,257.246
1688,2.12280,1.86220,257.205
1689,2.12345,1.86268,257.164
1690,2.12410,1.86315,257.123
1691,2.12475,1.86363,257.083
1692,2.12540,1.86410,257.042
1693,2.12605,1.86458,257.001
1694,2.12670,1.86505,256.960
1695,2.12735,1.86553,256.920
1696,2.12800,1.86600,256.879
1697,2.12865,1.86648,256.838
1698,2.12930,1.86695,256.797
1699,2.12995,1.86743,256.757
1700,2.13060,1.86790,256.716
1701,2.13125,1.86838,256.675
1702,2.13190,1.86885,256.634
1703,2.13255,1.86933,256.594
1704,2.13320,1.86980,256.553
1705,2.13385,1.87028,256.512
1706,2.13450,1.87075,256.471
1707,2.13515,1.87123,256.431
1708,2.13580,1.87170,256.390
1709,2.13645,1.87218,256.349
1710,2.13710,1.87265,256.308
1711,2.13775,1.87313,256.268
1712,2.13840,1.87360,256.227
1713,2.13905,1.87408,256.186
1714,2.13970,1.87455,256.145
1715,2.14035,1.87503,256.105
1716,2.14100,1.87550,256.064
1717,2.14165,1.87598,256.023
1718,2.14230,1.87645,255.982
1719,2.14295,1.87693,255.942
1720,2.14360,1.87740,255.901
1721,2.14425,1.87788,255.860
1722,2.14490,1.87835,255.819
1723,2.14555,1.87883,255.779
1724,2.14620,1.87930,255.738
1725,2.14685,1.87978,255.697
1726,2.14750,1.88025,255.656
1727,2.14815,1.88073,255.616
1728,2.14880,1.88120,255.575
1729,2.14945,1.88168,255.534
1730,2.15010,1.88215,255.493
1731,2.15075,1.88263,255.453
1732,2.15140,1.88310,255.412
1733,2.15205,1.88358,255.371
1734,2.15270,1.88405,255.330
1735,2.15335,1.88453,255.290
1736,2.15400,1.88500,255.249
1737,2.15465,1.88548,255.208
1738,2.15530,1.88595,255.167
1739,2.15595,1.88643,255.127
1740,2.15660,1.88690,255.086
1741,2.15725,1.88738,255.045
1742,2.15790,1.88785,255.004
1743,2.15855,1.88833,254.964
1744,2.15920,1.88880,254.923
1745,2.15985,1.88928,254.882
1746,2.16050,1.88975,254.841
1747,2.16115,1.89023,254.801
1748,2.16180,1.89070,254.760
1749,2.16245,1.89118,254.719
1750,2.16310,1.89165,254.678
1751,2.16375,1.89213,254.638
1752,2.16440,1.89260,254.597
1753,2.16505,1.89308,254.556
1754,2.16570,1.89355,254.515
1755,2.16635,1.89403,254.475
1756,2.16700,1.89450,254.434
1757,2.16765,1.89498,254.393
1758,2.16830,1.89545,254.352
1759,2.16895,1.89593,254.312
1760,2.16960,1.89640,254.271
1761,2.17025,1.89688,254.230
1762,2.17090,1.89735,254.189
1763,2.17155,1.89783,254.149
1764,2.17220,1.89830,254.108
1765,2.17285,1.89878,254.067
1766,2.17350,1.89925,254.026
1767,2.17415,1.89973,253.986
1768,2.17480,1.90020,253.945
1769,2.17545,1.90068,253.904
1770,2.17610,1.90115,253.863
1771,2.17675,1.90163,253.823
1772,2.17740,1.90210,253.782
1773,2.17805,1.90258,253.741
1774,2.17870,1.90305,253.700
1775,2.17935,1.90353,253.660
1776,2.18000,1.90400,253.619
1777,2.18065,1.90448,253.578
1778,2.18130,1.90495,253.537
1779,2.18195,1.90543,253.497
1780,2.18260,1.90590,253.456
1781,2.18325,1.90638,253.415
1782,2.18390,1.90685,253.374
1783,2.18455,1.90733,253.334
1784,2.18520,1.90780,253.293
1785,2.18585,1.90828,253.252
1786,2.18650,1.90875,253.211
1787,2.18715,1.90923,253.171
1788,2.18780,1.90970,253.130
1789,2.18845,1.91018,253.089
1790,2.18910,1.91065,253.048
1791,2.18975,1.91113,253.008
1792,2.19040,1.91160,252.967
1793,2.19105,1.91208,252.926
1794,2.19170,1.91255,252.885
1795,2.19235,1.91303,252.845
1796,2.19300,1.91350,252.804
1797,2.19365,1.91398,252.763
1798,2.19430,1.91445,252.722
1799,2.19495,1.91493,252.682
1800,2.19560,1.91540,252.641
1801,2.19625,1.91588,252.600
1802,2.19690,1.91635,252.559
1803,2.19755,1.91683,252.519
1804,2.19820,1.91730,252.478
1805,2.19885,1.91778,252.437
1806,2.19950,1.91825,252.396
1807,2.20015,1.91873,252.356
1808,2.20080,1.91920,252.315
1809,2.20145,1.91968,252.274
1810,2.20210,1.92015,252.233
1811,2.20275,1.92063,252.193
1812,2.20340,1.92110,252.152
1813,2.20405,1.92158,252.111
1814,2.20470,1.92205,252.070
1815,2.20535,1.92253,252.030
1816,2.20600,1.92300,251.989
1817,2.20665,1.92348,251.948
1818,2.20730,1.92395,251.907
1819,2.20795,1.92443,251.867
1820,2.20860,1.92490,251.826
1821,2.20925,1.92538,251.785
1822,2.20990,1.92585,251.744
1823,2.21055,1.92633,251.704
1824,2.21120,1.92680,251.663
1825,2.21185,1.92728,251.622
1826,2.21250,1.92775,251.581
1827,2.21315,1.92823,251.541
1828,2.21380,1.92870,251.500
1829,2.21445,1.92918,251.459
1830,2.21510,1.92965,251.418
1831,2.21575,1.93013,251.378
1832,2.21640,1.93060,251.337
1833,2.21705,1.93108,251.296
1834,2.21770,1.93155,251.255
1835,2.21835,1.93203,251.215
1836,2.21900,1.93250,251.174
1837,2.21965,1.93298,251.133
1838,2.22030,1.93345,251.092
1839,2.22095,1.93393,251.052
1840,2.22160,1.93440,251.011
1841,2.22225,1.93488,250.970
1842,2.22290,1.93535,250.929
1843,2.22355,1.93583,250.889
1844,2.22420,1.93630,250.848
1845,2.22485,1.93678,250.807
1846,2.22550,1.93725,250.766
1847,2.22615,1.93773,250.726
1848,2.22680,1.93820,250.685
1849,2.22745,1.93868,250.644
1850,2.22810,1.93915,250.603
1851,2.22875,1.93963,250.563
1852,2.22940,1.94010,250.522
1853,2.23005,1.94058,250.481
1854,2.23070,1.94105,250.440
1855,2.23135,1.94153,250.400
1856,2.23200,1.94200,250.359
1857,2.23265,1.94248,250.318
1858,2.23330,1.94295,250.277
1859,2.23395,1.94343,250.237
1860,2.23460,1.94390,250.196
1861,2.23525,1.94438,250.155
1862,2.23590,1.94485,250.114
1863,2.23655,1.94533,250.074
1864,2.23720,1.94580,250.033
1865,2.23785,1.94628,249.992
1866,2.23850,1.94675,249.951
1867,2.23915,1.94723,249.911
1868,2.23980,1.94770,249.870
1869,2.24045,1.94818,249.829
1870,2.24110,1.94865,249.788
1871,2.24175,1.94913,249.748
1872,2.24240,1.94960,249.707
1873,2.24305,1.95008,249.666
1874,2.24370,1.95055,249.625
1875,2.24435,1.95103,249.585
1876,2.24500,1.95150,249.544
1877,2.24565,1.95198,249.503
1878,2.24630,1.95245,249.462
1879,2.24695,1.95293,249.422
1880,2.24760,1.95340,249.381
1881,2.24825,1.95388,249.340
1882,2.24890,1.95435,249.299
1883,2.24955,1.95483,249.259
1884,2.25020,1.95530,249.218
1885,2.25085,1.95578,249.177
1886,2.25150,1.95625,249.136
1887,2.25215,1.95673,249.096
1888,2.25280,1.95720,249.055
1889,2.25345,1.95768,249.014
1890,2.25410,1.95815,248.973
1891,2.25475,1.95863,248.933
1892,2.25540,1.95910,248.892
1893,2.25605,1.95958,248.851
1894,2.25670,1.96005,248.810
1895,2.25735,1.96053,248.770
1896,2.25800,1.96100,248.729
1897,2.25865,1.96148,248.688
1898,2.25930,1.96195,248.647
1899,2.25995,1.96243,248.607
1900,2.26060,1.96290,248.566
1901,2.26125,1.96338,248.525
1902,2.26190,1.96385,248.484
1903,2.26255,1.96433,248.444
1904,2.26320,1.96480,248.403
1905,2.26385,1.96528,248.362
1906,2.26450,1.96575,248.321
1907,2.26515,1.96623,248.281
1908,2.26580,1.96670,248.240
1909,2.26645,1.96718,248.199
1910,2.26710,1.96765,248.158
1911,2.26775,1.96813,248.118
1912,2.26840,1.96860,248.077
1913,2.26905,1.96908,248.036
1914,2.26970,1.96955,247.995
1915,2.27035,1.97003,247.955
1916,2.27100,1.97050,247.914
1917,2.27165,1.97098,247.873
1918,2.27230,1.97145,247.832
1919,2.27295,1.97193,247.792
1920,2.27360,1.97240,247.751
1921,2.27425,1.97288,247.710
1922,2.27490,1.97335,247.669
1923,2.27555,1.97383,247.629
1924,2.27620,1.97430,247.588
1925,2.27685,1.97478,247.547
1926,2.27750,1.97525,247.506
1927,2.27815,1.97573,247.466
1928,2.27880,1.97620,247.425
1929,2.27945,1.97668,247.384
1930,2.28010,1.97715,247.343
1931,2.28075,1.97763,247.303
1932,2.28140,1.97810,247.262
1933,2.28205,1.97858,247.221
1934,2.28270,1.97905,247.180
1935,2.28335,1.97953,247.140
1936,2.28400,1.98000,247.099
1937,2.28465,1.98048,247.058
1938,2.28530,1.98095,247.017
1939,2.28595,1.98143,246.977
1940,2.28660,1.98190,246.936
1941,2.28725,1.98238,246.895
1942,2.28790,1.98285,246.854
1943,2.28855,1.98333,246.814
1944,2.28920,1.98380,246.773
1945,2.28985,1.98428,246.732
1946,2.29050,1.98475,246.691
1947,2.29115,1.98523,246.651
1948,2.29180,1.98570,246.610
1949,2.29245,1.98618,246.569
1950,2.29310,1.98665,246.528
1951,2.29375,1.98713,246.488
1952,2.29440,1.98760,246.447
1953,2.29505,1.98808,246.406
1954,2.29570,1.98855,246.365
1955,2.29635,1.98903,246.325
1956,2.29700,1.98950,246.284
1957,2.29765,1.98998,246.243
1958,2.29830,1.99045,246.202
1959,2.29895,1.99093,246.162
1960,2.29960,1.99140,246.121
1961,2.30025,1.99188,246.080
1962,2.30090,1.99235,246.039
1963,2.30155,1.99283,245.999
1964,2.30220,1.99330,245.958
1965,2.30285,1.99378,245.917
1966,2.30350,1.99425,245.876
1967,2.30415,1.99473,245.836
1968,2.30480,1.99520,245.795
1969,2.30545,1.99568,245.754
1970,2.30610,1.99615,245.713
1971,2.30675,1.99663,245.673
1972,2.30740,1.99710,245.632
1973,2.30805,1.99758,245.591
1974,2.30870,1.99805,245.550
1975,2.30935,1.99853,245.510
1976,2.31000,1.99900,245.469
1977,2.31065,1.99948,245.428
1978,2.31130,1.99995,245.387
1979,2.31195,2.00043,245.347
1980,2.31260,2.00090,245.306
1981,2.31325,2.00138,245.265
1982,2.31390,2.00185,245.224
1983,2.31455,2.00233,245.184
1984,2.31520,2.00280,245.143
1985,2.31585,2.00328,245.102
1986,2.31650,2.00375,245.061
1987,2.31715,2.00422,245.021
1988,2.31780,2.00470,244.980
1989,2.31845,2.00517,244.939
1990,2.31910,2.00565,244.898
1991,2.31975,2.00612,244.858
1992,2.32040,2.00660,244.817
1993,2.32105,2.00707,244.776
1994,2.32170,2.00755,244.735
1995,2.32235,2.00802,244.695
1996,2.32300,2.00850,244.654
1997,2.32365,2.00897,244.613
1998,2.32430,2.00945,244.572
1999,2.32495,2.00992,244.532
2000,2.32560,2.01040,244.491
2001,2.32625,2.01087,244.450
2002,2.32690,2.01135,244.409
2003,2.32755,2.01182,244.369
2004,2.32820,2.01230,244.328
2005,2.32885,2.01277,244.287
2006,2.32950,2.01325,244.246
2007,2.33015,2.01372,244.206
2008,2.33080,2.01420,244.165
2009,2.33145,2.01467,244.124
2010,2.33210,2.01515,244.083
2011,2.33275,2.01562,244.043
2012,2.33340,2.01610,244.002
2013,2.33405,2.01657,243.961
2014,2.33470,2.01705,243.920
2015,2.33535,2.01752,243.880
2016,2.33600,2.01800,243.839
2017,2.33665,2.01847,243.798
2018,2.33730,2.01895,243.757
2019,2.33795,2.01942,243.717
2020,2.33860,2.01990,243.676
2021,2.33925,2.02037,243.635
2022,2.33990,2.02085,243.594
2023,2.34055,2.02132,243.554
2024,2.34120,2.02180,243.513
2025,2.34185,2.02227,243.472
2026,2.34250,2.02275,243.431
2027,2.34315,2.02322,243.391
2028,2.34380,2.02370,243.350
2029,2.34445,2.02417,243.309
2030,2.34510,2.02465,243.268
2031,2.34575,2.02512,243.228
2032,2.34640,2.02560,243.187
2033,2.34705,2.02607,243.146
2034,2.34770,2.02655,243.105
2035,2.34835,2.02702,243.065
2036,2.34900,2.02750,243.024
2037,2.34965,2.02797,242.983
2038,2.35030,2.02845,242.942
2039,2.35095,2.02892,242.902
2040,2.35160,2.02940,242.861
2041,2.35225,2.02987,242.820
2042,2.35290,2.03035,242.779
2043,2.35355,2.03082,242.739
2044,2.35420,2.03130,242.698
2045,2.35485,2.03177,242.657
2046,2.35550,2.03225,242.616
2047,2.35615,2.03272,242.576
2048,2.35680,2.03320,242.535
2049,2.35745,2.03367,242.494
2050,2.35810,2.03415,242.453
2051,2.35875,2.03462,242.413
2052,2.35940,2.03510,242.372
2053,2.36005,2.03557,242.331
2054,2.36070,2.03605,242.290
2055,2.36135,2.03652,242.250
2056,2.36200,2.03700,242.209
2057,2.36265,2.03747,242.168
2058,2.36330,2.03795,242.127
2059,2.36395,2.03842,242.087
2060,2.36460,2.03890,242.046
2061,2.36525,2.03937,242.005
2062,2.36590,2.03985,241.964
2063,2.36655,2.04032,241.924
2064,2.36720,2.04080,241.883
2065,2.36785,2.04127,241.842
2066,2.36850,2.04175,241.801
2067,2.36915,2.04222,241.761
2068,2.36980,2.04270,241.720
2069,2.37045,2.04317,241.679
2070,2.37110,2.04365,241.638
2071,2.37175,2.04412,241.598
2072,2.37240,2.04460,241.557
2073,2.37305,2.04507,241.516
2074,2.37370,2.04555,241.475
2075,2.37435,2.04602,241.435
2076,2.37500,2.04650,241.394
2077,2.37565,2.04697,241.353
2078,2.37630,2.04745,241.312
2079,2.37695,2.04792,241.272
2080,2.37760,2.04840,241.231
2081,2.37825,2.04887,241.190
2082,2.37890,2.04935,241.149
2083,2.37955,2.04982,241.109
2084,2.38020,2.05030,241.068
2085,2.38085,2.05077,241.027
2086,2.38150,2.05125,240.986
2087,2.38215,2.05172,240.946
2088,2.38280,2.05220,240.905
2089,2.38345,2.05267,240.864
2090,2.38410,2.05315,240.823
2091,2.38475,2.05362,240.783
2092,2.38540,2.05410,240.742
2093,2.38605,2.05457,240.701
2094,2.38670,2.05505,240.660
2095,2.38735,2.05552,240.620
2096,2.38800,2.05600,240.579
2097,2.38865,2.05647,240.538
2098,2.38930,2.05695,240.497
2099,2.38995,2.05742,240.457
2100,2.39060,2.05790,240.416
2101,2.39125,2.05837,240.375
2102,2.39190,2.05885,240.334
2103,2.39255,2.05932,240.294
2104,2.39320,2.05980,240.253
2105,2.39385,2.06027,240.212
2106,2.39450,2.06075,240.171
2107,2.39515,2.06122,240.131
2108,2.39580,2.06170,240.090
2109,2.39645,2.06217,240.049
2110,2.39710,2.06265,240.008
2111,2.39775,2.06312,239.968
2112,2.39840,2.06360,239.927
2113,2.39905,2.06407,239.886
2114,2.39970,2.06455,239.845
2115,2.40035,2.06502,239.805
2116,2.40100,2.06550,239.764
2117,2.40165,2.06597,239.723
2118,2.40230,2.06645,239.682
2119,2.40295,2.06692,239.642
2120,2.40360,2.06740,239.601
2121,2.40425,2.06787,239.560
2122,2.40490,2.06835,239.519
2123,2.40555,2.06882,239.479
2124,2.40620,2.06930,239.438
2125,2.40685,2.06977,239.397
2126,2.40750,2.07025,239.356
2127,2.40815,2.07072,239.316
2128,2.40880,2.07120,239.275
2129,2.40945,2.07167,239.234
2130,2.41010,2.07215,239.193
2131,2.41075,2.07262,239.153
2132,2.41140,2.07310,239.112
2133,2.41205,2.07357,239.071
2134,2.41270,2.07405,239.030
2135,2.41335,2.07452,238.990
2136,2.41400,2.07500,238.949
2137,2.41465,2.07547,238.908
2138,2.41530,2.07595,238.867
2139,2.41595,2.07642,238.827
2140,2.41660,2.07690,238.786
2141,2.41725,2.07737,238.745
2142,2.41790,2.07785,238.704
2143,2.41855,2.07832,238.664
2144,2.41920,2.07880,238.623
2145,2.41985,2.07927,238.582
2146,2.42050,2.07975,238.541
2147,2.42115,2.08022,238.501
2148,2.42180,2.08070,238.460
2149,2.42245,2.08117,238.419
2150,2.42310,2.08165,238.378
2151,2.42375,2.08212,238.338
2152,2.42440,2.08260,238.297
2153,2.42505,2.08307,238.256
2154,2.42570,2.08355,238.215
2155,2.42635,2.08402,238.175
2156,2.42700,2.08450,238.134
2157,2.42765,2.08497,238.093
2158,2.42830,2.08545,238.052
2159,2.42895,2.08592,238.012
2160,2.42960,2.08640,237.971
2161,2.43025,2.08687,237.930
2162,2.43090,2.08735,237.889
2163,2.43155,2.08782,237.849
2164,2.43220,2.08830,237.808
2165,2.43285,2.08877,237.767
2166,2.43350,2.08925,237.726
2167,2.43415,2.08972,237.686
2168,2.43480,2.09020,237.645
2169,2.43545,2.09067,237.604
2170,2.43610,2.09115,237.563
2171,2.43675,2.09162,237.523
2172,2.43740,2.09210,237.482
2173,2.43805,2.09257,237.441
2174,2.43870,2.09305,237.400
2175,2.43935,2.09352,237.360
2176,2.44000,2.09400,237.319
2177,2.44065,2.09447,237.278
2178,2.44130,2.09495,237.237
2179,2.44195,2.09542,237.197
2180,2.44260,2.09590,237.156
2181,2.44325,2.09637,237.115
2182,2.44390,2.09685,237.074
2183,2.44455,2.09732,237.034
2184,2.44520,2.09780,236.993
2185,2.44585,2.09827,236.952
2186,2.44650,2.09875,236.911
2187,2.44715,2.09922,236.871
2188,2.44780,2.09970,236.830
2189,2.44845,2.10017,236.789
2190,2.44910,2.10065,236.748
2191,2.44975,2.10112,236.708
2192,2.45040,2.10160,236.667
2193,2.45105,2.10207,236.626
2194,2.45170,2.10255,236.585
2195,2.45235,2.10302,236.545
2196,2.45300,2.10350,236.504
2197,2.45365,2.10397,236.463
2198,2.45430,2.10445,236.422
2199,2.45495,2.10492,236.382
2200,2.45560,2.10540,236.341
2201,2.45625,2.10587,236.300
2202,2.45690,2.10635,236.259
2203,2.45755,2.10682,236.219
2204,2.45820,2.10730,236.178
2205,2.45885,2.10777,236.137
2206,2.45950,2.10825,236.096
2207,2.46015,2.10872,236.056
2208,2.46080,2.10920,236.015
2209,2.46145,2.10967,235.974
2210,2.46210,2.11015,235.933
2211,2.46275,2.11062,235.893
2212,2.46340,2.11110,235.852
2213,2.46405,2.11157,235.811
2214,2.46470,2.11205,235.770
2215,2.46535,2.11252,235.730
2216,2.46600,2.11300,235.689
2217,2.46665,2.11347,235.648
2218,2.46730,2.11395,235.607
2219,2.46795,2.11442,235.567
2220,2.46860,2.11490,235.526
2221,2.46925,2.11537,235.485
2222,2.46990,2.11585,235.444
2223,2.47055,2.11632,235.404
2224,2.47120,2.11680,235.363
2225,2.47185,2.11727,235.322
2226,2.47250,2.11775,235.281
2227,2.47315,2.11822,235.241
2228,2.47380,2.11870,235.200
2229,2.47445,2.11917,235.159
2230,2.47510,2.11965,235.118
2231,2.47575,2.12012,235.078
2232,2.47640,2.12060,235.037
2233,2.47705,2.12107,234.996
2234,2.47770,2.12155,234.955
2235,2.47835,2.12202,234.915
2236,2.47900,2.12250,234.874
2237,2.47965,2.12297,234.833
2238,2.48030,2.12345,234.792
2239,2.48095,2.12392,234.752
2240,2.48160,2.12440,234.711
2241,2.48225,2.12487,234.670
2242,2.48290,2.12535,234.629
2243,2.48355,2.12582,234.589
2244,2.48420,2.12630,234.548
2245,2.48485,2.12677,234.507
2246,2.48550,2.12725,234.466
2247,2.48615,2.12772,234.426
2248,2.48680,2.12820,234.385
2249,2.48745,2.12867,234.344
2250,2.48810,2.12915,234.303
2251,2.48875,2.12962,234.263
2252,2.48940,2.13010,234.222
2253,2.49005,2.13057,234.181
2254,2.49070,2.13105,234.140
2255,2.49135,2.13152,234.100
2256,2.49200,2.13200,234.059
2257,2.49265,2.13247,234.018
2258,2.49330,2.13295,233.977
2259,2.49395,2.13342,233.937
2260,2.49460,2.13390,233.896
2261,2.49525,2.13437,233.855
2262,2.49590,2.13485,233.814
2263,2.49655,2.13532,233.774
2264,2.49720,2.13580,233.733
2265,2.49785,2.13627,233.692
2266,2.49850,2.13675,233.651
2267,2.49915,2.13722,233.611
2268,2.49980,2.13770,233.570
2269,2.50045,2.13817,233.529
2270,2.50110,2.13865,233.488
2271,2.50175,2.13912,233.448
2272,2.50240,2.13960,233.407
2273,2.50305,2.14007,233.366
2274,2.50370,2.14055,233.325
2275,2.50435,2.14102,233.285
2276,2.50500,2.14150,233.244
2277,2.50565,2.14197,233.203
2278,2.50630,2.14245,233.162
2279,2.50695,2.14292,233.122
2280,2.50760,2.14340,233.081
2281,2.50825,2.14387,233.040
2282,2.50890,2.14435,232.999
2283,2.50955,2.14482,232.959
2284,2.51020,2.14530,232.918
2285,2.51085,2.14577,232.877
2286,2.51150,2.14625,232.836
2287,2.51215,2.14672,232.796
2288,2.51280,2.14720,232.755
2289,2.51345,2.14767,232.714
2290,2.51410,2.14815,232.673
2291,2.51475,2.14862,232.633
2292,2.51540,2.14910,232.592
2293,2.51605,2.14957,232.551
2294,2.51670,2.15005,232.510
2295,2.51735,2.15052,232.470
2296,2.51800,2.15100,232.429
2297,2.51865,2.15147,232.388
2298,2.51930,2.15195,232.347
2299,2.51995,2.15242,232.307
2300,2.52060,2.15290,232.266
2301,2.52125,2.15337,232.225
2302,2.52190,2.15385,232.184
2303,2.52255,2.15432,232.144
2304,2.52320,2.15480,232.103
2305,2.52385,2.15527,232.062
2306,2.52450,2.15575,232.021
2307,2.52515,2.15622,231.981
2308,2.52580,2.15670,231.940
2309,2.52645,2.15717,231.899
2310,2.52710,2.15765,231.858
2311,2.52775,2.15812,231.818
2312,2.52840,2.15860,231.777
2313,2.52905,2.15907,231.736
2314,2.52970,2.15955,231.695
2315,2.53035,2.16002,231.655
2316,2.53100,2.16050,231.614
2317,2.53165,2.16097,231.573
2318,2.53230,2.16145,231.532
2319,2.53295,2.16192,231.492
2320,2.53360,2.16240,231.451
2321,2.53425,2.16287,231.410
2322,2.53490,2.16335,231.369
2323,2.53555,2.16382,231.329
2324,2.53620,2.16430,231.288
2325,2.53685,2.16477,231.247
2326,2.53750,2.16525,231.206
2327,2.53815,2.16572,231.166
2328,2.53880,2.16620,231.125
2329,2.53945,2.16667,231.084
2330,2.54010,2.16715,231.043
2331,2.54075,2.16762,231.003
2332,2.54140,2.16810,230.962
2333,2.54205,2.16857,230.921
2334,2.54270,2.16905,230.880
2335,2.54335,2.16952,230.840
2336,2.54400,2.17000,230.799
2337,2.54465,2.17047,230.758
2338,2.54530,2.17095,230.717
2339,2.54595,2.17142,230.677
2340,2.54660,2.17190,230.636
2341,2.54725,2.17237,230.595
2342,2.54790,2.17285,230.554
2343,2.54855,2.17332,230.514
2344,2.54920,2.17380,230.473
2345,2.54985,2.17427,230.432
2346,2.55050,2.17475,230.391
2347,2.55115,2.17522,230.351
2348,2.55180,2.17570,230.310
2349,2.55245,2.17617,230.269
2350,2.55310,2.17665,230.228
2351,2.55375,2.17712,230.188
2352,2.55440,2.17760,230.147
2353,2.55505,2.17807,230.106
2354,2.55570,2.17855,230.065
2355,2.55635,2.17902,230.025
2356,2.55700,2.17950,229.984
2357,2.55765,2.17997,229.943
2358,2.55830,2.18045,229.902
2359,2.55895,2.18092,229.862
2360,2.55960,2.18140,229.821
2361,2.56025,2.18187,229.780
2362,2.56090,2.18235,229.739
2363,2.56155,2.18282,229.699
2364,2.56220,2.18330,229.658
2365,2.56285,2.18377,229.617
2366,2.56350,2.18425,229.576
2367,2.56415,2.18472,229.536
2368,2.56480,2.18520,229.495
2369,2.56545,2.18567,229.454
2370,2.56610,2.18615,229.413
2371,2.56675,2.18662,229.373
2372,2.56740,2.18710,229.332
2373,2.56805,2.18757,229.291
2374,2.56870,2.18805,229.250
2375,2.56935,2.18852,229.210
2376,2.57000,2.18900,229.169
2377,2.57065,2.18947,229.128
2378,2.57130,2.18995,229.087
2379,2.57195,2.19042,229.047
2380,2.57260,2.19090,229.006
2381,2.57325,2.19137,228.965
2382,2.57390,2.19185,228.924
2383,2.57455,2.19232,228.884
2384,2.57520,2.19280,228.843
2385,2.57585,2.19327,228.802
2386,2.57650,2.19375,228.761
2387,2.57715,2.19422,228.721
2388,2.57780,2.19470,228.680
2389,2.57845,2.19517,228.639
2390,2.57910,2.19565,228.598
2391,2.57975,2.19612,228.558
2392,2.58040,2.19660,228.517
2393,2.58105,2.19707,228.476
2394,2.58170,2.19755,228.435
2395,2.58235,2.19802,228.395
2396,2.58300,2.19850,228.354
2397,2.58365,2.19897,228.313
2398,2.58430,2.19945,228.272
2399,2.58495,2.19992,228.232
2400,2.58560,2.20040,228.191
2401,2.58625,2.20087,228.150
2402,2.58690,2.20135,228.109
2403,2.58755,2.20182,228.069
2404,2.58820,2.20230,228.028
2405,2.58885,2.20277,227.987
2406,2.58950,2.20325,227.946
2407,2.59015,2.20372,227.906
2408,2.59080,2.20420,227.865
2409,2.59145,2.20467,227.824
2410,2.59210,2.20515,227.783
2411,2.59275,2.20562,227.743
2412,2.59340,2.20610,227.702
2413,2.59405,2.20657,227.661
2414,2.59470,2.20705,227.620
2415,2.59535,2.20752,227.580
2416,2.59600,2.20800,227.539
2417,2.59665,2.20847,227.498
2418,2.59730,2.20895,227.457
2419,2.59795,2.20942,227.417
2420,2.59860,2.20990,227.376
2421,2.59925,2.21037,227.335
2422,2.59990,2.21085,227.294
2423,2.60055,2.21132,227.254
2424,2.60120,2.21180,227.213
2425,2.60185,2.21227,227.172
2426,2.60250,2.21275,227.131
2427,2.60315,2.21322,227.091
2428,2.60380,2.21370,227.050
2429,2.60445,2.21417,227.009
2430,2.60510,2.21465,226.968
2431,2.60575,2.21512,226.928
2432,2.60640,2.21560,226.887
2433,2.60705,2.21607,226.846
2434,2.60770,2.21655,226.805
2435,2.60835,2.21702,226.765
2436,2.60900,2.21750,226.724
2437,2.60965,2.21797,226.683
2438,2.61030,2.21845,226.642
2439,2.61095,2.21892,226.602
2440,2.61160,2.21940,226.561
2441,2.61225,2.21987,226.520
2442,2.61290,2.22035,226.479
2443,2.61355,2.22082,226.439
2444,2.61420,2.22130,226.398
2445,2.61485,2.22177,226.357
2446,2.61550,2.22225,226.316
2447,2.61615,2.22272,226.276
2448,2.61680,2.22320,226.235
2449,2.61745,2.22367,226.194
2450,2.61810,2.22415,226.153
2451,2.61875,2.22462,226.113
2452,2.61940,2.22510,226.072
2453,2.62005,2.22557,226.031
2454,2.62070,2.22605,225.990
2455,2.62135,2.22652,225.950
2456,2.62200,2.22700,225.909
2457,2.62265,2.22747,225.868
2458,2.62330,2.22795,225.827
2459,2.62395,2.22842,225.787
2460,2.62460,2.22890,225.746
2461,2.62525,2.22937,225.705
2462,2.62590,2.22985,225.664
2463,2.62655,2.23032,225.624
2464,2.62720,2.23080,225.583
2465,2.62785,2.23127,225.542
2466,2.62850,2.23175,225.501
2467,2.62915,2.23222,225.461
2468,2.62980,2.23270,225.420
2469,2.63045,2.23317,225.379
2470,2.63110,2.23365,225.338
2471,2.63175,2.23412,225.298
2472,2.63240,2.23460,225.257
2473,2.63305,2.23507,225.216
2474,2.63370,2.23555,225.175
2475,2.63435,2.23602,225.135
2476,2.63500,2.23650,225.094
2477,2.63565,2.23697,225.053
2478,2.63630,2.23745,225.012
2479,2.63695,2.23792,224.972
2480,2.63760,2.23840,224.931
2481,2.63825,2.23887,224.890
2482,2.63890,2.23935,224.849
2483,2.63955,2.23982,224.809
2484,2.64020,2.24030,224.768
2485,2.64085,2.24077,224.727
2486,2.64150,2.24125,224.686
2487,2.64215,2.24172,224.646
2488,2.64280,2.24220,224.605
2489,2.64345,2.24267,224.564
2490,2.64410,2.24315,224.523
2491,2.64475,2.24362,224.483
2492,2.64540,2.24410,224.442
2493,2.64605,2.24457,224.401
2494,2.64670,2.24505,224.360
2495,2.64735,2.24552,224.320
2496,2.64800,2.24600,224.279
2497,2.64865,2.24647,224.238
2498,2.64930,2.24695,224.197
2499,2.64995,2.24742,224.157
2500,2.65060,2.24790,224.116
2501,2.65125,2.24837,224.075
2502,2.65190,2.24885,224.034
2503,2.65255,2.24932,223.994
2504,2.65320,2.24980,223.953
2505,2.65385,2.25027,223.912
2506,2.65450,2.25075,223.871
2507,2.65515,2.25122,223.831
2508,2.65580,2.25170,223.790
2509,2.65645,2.25217,223.749
2510,2.65710,2.25265,223.708
2511,2.65775,2.25312,223.668
2512,2.65840,2.25360,223.627
2513,2.65905,2.25407,223.586
2514,2.65970,2.25455,223.545
2515,2.66035,2.25502,223.505
2516,2.66100,2.25550,223.464
2517,2.66165,2.25597,223.423
2518,2.66230,2.25645,223.382
2519,2.66295,2.25692,223.342
2520,2.66360,2.25740,223.301
2521,2.66425,2.25787,223.260
2522,2.66490,2.25835,223.219
2523,2.66555,2.25882,223.179
2524,2.66620,2.25930,223.138
2525,2.66685,2.25977,223.097
2526,2.66750,2.26025,223.056
2527,2.66815,2.26072,223.016
2528,2.66880,2.26120,222.975
2529,2.66945,2.26167,222.934
2530,2.67010,2.26215,222.893
2531,2.67075,2.26262,222.853
2532,2.67140,2.26310,222.812
2533,2.67205,2.26357,222.771
2534,2.67270,2.26405,222.730
2535,2.67335,2.26452,222.690
2536,2.67400,2.26500,222.649
2537,2.67465,2.26547,222.608
2538,2.67530,2.26595,222.567
2539,2.67595,2.26642,222.527
2540,2.67660,2.26690,222.486
2541,2.67725,2.26737,222.445
2542,2.67790,2.26785,222.404
2543,2.67855,2.26832,222.364
2544,2.67920,2.26880,222.323
2545,2.67985,2.26927,222.282
2546,2.68050,2.26975,222.241
2547,2.68115,2.27022,222.201
2548,2.68180,2.27070,222.160
2549,2.68245,2.27117,222.119
2550,2.68310,2.27165,222.078
2551,2.68375,2.27212,222.038
2552,2.68440,2.27260,221.997
2553,2.68505,2.27307,221.956
2554,2.68570,2.27355,221.915
2555,2.68635,2.27402,221.875
2556,2.68700,2.27450,221.834
2557,2.68765,2.27497,221.793
2558,2.68830,2.27545,221.752
2559,2.68895,2.27592,221.712
2560,2.68960,2.27640,221.671
2561,2.69025,2.27687,221.630
2562,2.69090,2.27735,221.589
2563,2.69155,2.27782,221.549
2564,2.69220,2.27830,221.508
2565,2.69285,2.27877,221.467
2566,2.69350,2.27925,221.426
2567,2.69415,2.27972,221.386
2568,2.69480,2.28020,221.345
2569,2.69545,2.28067,221.304
2570,2.69610,2.28115,221.263
2571,2.69675,2.28162,221.223
2572,2.69740,2.28210,221.182
2573,2.69805,2.28257,221.141
2574,2.69870,2.28305,221.100
2575,2.69935,2.28352,221.060
2576,2.70000,2.28400,221.019
2577,2.70065,2.28447,220.978
2578,2.70130,2.28495,220.937
2579,2.70195,2.28542,220.897
2580,2.70260,2.28590,220.856
2581,2.70325,2.28637,220.815
2582,2.70390,2.28685,220.774
2583,2.70455,2.28732,220.734
2584,2.70520,2.28780,220.693
2585,2.70585,2.28827,220.652
2586,2.70650,2.28875,220.611
2587,2.70715,2.28922,220.571
2588,2.70780,2.28970,220.530
2589,2.70845,2.29017,220.489
2590,2.70910,2.29065,220.448
2591,2.70975,2.29112,220.408
2592,2.71040,2.29160,220.367
2593,2.71105,2.29207,220.326
2594,2.71170,2.29255,220.285
2595,2.71235,2.29302,220.245
2596,2.71300,2.29350,220.204
2597,2.71365,2.29397,220.163
2598,2.71430,2.29445,220.122
2599,2.71495,2.29492,220.082
2600,2.71560,2.29540,220.041
2601,2.71625,2.29587,220.000
2602,2.71690,2.29635,219.959
2603,2.71755,2.29682,219.919
2604,2.71820,2.29730,219.878
2605,2.71885,2.29777,219.837
2606,2.71950,2.29825,219.796
2607,2.72015,2.29872,219.756
2608,2.72080,2.29920,219.715
2609,2.72145,2.29967,219.674
2610,2.72210,2.30015,219.633
2611,2.72275,2.30062,219.593
2612,2.72340,2.30110,219.552
2613,2.72405,2.30157,219.511
2614,2.72470,2.30205,219.470
2615,2.72535,2.30252,219.430
2616,2.72600,2.30300,219.389
2617,2.72665,2.30347,219.348
2618,2.72730,2.30395,219.307
2619,2.72795,2.30442,219.267
2620,2.72860,2.30490,219.226
2621,2.72925,2.30537,219.185
2622,2.72990,2.30585,219.144
2623,2.73055,2.30632,219.104
2624,2.73120,2.30680,219.063
2625,2.73185,2.30727,219.022
2626,2.73250,2.30775,218.981
2627,2.73315,2.30822,218.941
2628,2.73380,2.30870,218.900
2629,2.73445,2.30917,218.859
2630,2.73510,2.30965,218.818
2631,2.73575,2.31012,218.778
2632,2.73640,2.31060,218.737
2633,2.73705,2.31107,218.696
2634,2.73770,2.31155,218.655
2635,2.73835,2.31202,218.615
2636,2.73900,2.31250,218.574
2637,2.73965,2.31297,218.533
2638,2.74030,2.31345,218.492
2639,2.74095,2.31392,218.452
2640,2.74160,2.31440,218.411
2641,2.74225,2.31487,218.370
2642,2.74290,2.31535,218.329
2643,2.74355,2.31582,218.289
2644,2.74420,2.31630,218.248
2645,2.74485,2.31677,218.207
2646,2.74550,2.31725,218.166
2647,2.74615,2.31772,218.126
2648,2.74680,2.31820,218.085
2649,2.74745,2.31867,218.044
2650,2.74810,2.31915,218.003
2651,2.74875,2.31962,217.963
2652,2.74940,2.32010,217.922
2653,2.75005,2.32057,217.881
2654,2.75070,2.32105,217.840
2655,2.75135,2.32152,217.800
2656,2.75200,2.32200,217.759
2657,2.75265,2.32247,217.718
2658,2.75330,2.32295,217.677
2659,2.75395,2.32342,217.637
2660,2.75460,2.32390,217.596
2661,2.75525,2.32437,217.555
2662,2.75590,2.32485,217.514
2663,2.75655,2.32532,217.474
2664,2.75720,2.32580,217.433
2665,2.75785,2.32627,217.392
2666,2.75850,2.32675,217.351
2667,2.75915,2.32722,217.311
2668,2.75980,2.32770,217.270
2669,2.76045,2.32817,217.229
2670,2.76110,2.32865,217.188
2671,2.76175,2.32912,217.148
2672,2.76240,2.32960,217.107
2673,2.76305,2.33007,217.066
2674,2.76370,2.33055,217.025
2675,2.76435,2.33102,216.985
2676,2.76500,2.33150,216.944
2677,2.76565,2.33197,216.903
2678,2.76630,2.33245,216.862
2679,2.76695,2.33292,216.822
2680,2.76760,2.33340,216.781
2681,2.76825,2.33387,216.740
2682,2.76890,2.33435,216.699
2683,2.76955,2.33482,216.659
2684,2.77020,2.33530,216.618
2685,2.77085,2.33577,216.577
2686,2.77150,2.33625,216.536
2687,2.77215,2.33672,216.496
2688,2.77280,2.33720,216.455
2689,2.77345,2.33767,216.414
2690,2.77410,2.33815,216.373
2691,2.77475,2.33862,216.333
2692,2.77540,2.33910,216.292
2693,2.77605,2.33957,216.251
2694,2.77670,2.34005,216.210
2695,2.77735,2.34052,216.170
2696,2.77800,2.34100,216.129
2697,2.77865,2.34147,216.088
2698,2.77930,2.34195,216.047
2699,2.77995,2.34242,216.007
2700,2.78060,2.34290,215.966
2701,2.78125,2.34337,215.925
2702,2.78190,2.34385,215.884
2703,2.78255,2.34432,215.844
2704,2.78320,2.34480,215.803
2705,2.78385,2.34527,215.762
2706,2.78450,2.34575,215.721
2707,2.78515,2.34622,215.681
2708,2.78580,2.34670,215.640
2709,2.78645,2.34717,215.599
2710,2.78710,2.34765,215.558
2711,2.78775,2.34812,215.518
2712,2.78840,2.34860,215.477
2713,2.78905,2.34907,215.436
2714,2.78970,2.34955,215.395
2715,2.79035,2.35002,215.355
2716,2.79100,2.35050,215.314
2717,2.79165,2.35097,215.273
2718,2.79230,2.35145,215.232
2719,2.79295,2.35192,215.192
2720,2.79360,2.35240,215.151
2721,2.79425,2.35287,215.110
2722,2.79490,2.35335,215.069
2723,2.79555,2.35382,215.029
2724,2.79620,2.35430,214.988
2725,2.79685,2.35477,214.947
2726,2.79750,2.35525,214.906
2727,2.79815,2.35572,214.866
2728,2.79880,2.35620,214.825
2729,2.79945,2.35667,214.784
2730,2.80010,2.35715,214.743
2731,2.80075,2.35762,214.703
2732,2.80140,2.35810,214.662
2733,2.80205,2.35857,214.621
2734,2.80270,2.35905,214.580
2735,2.80335,2.35952,214.540
2736,2.80400,2.36000,214.499
2737,2.80465,2.36047,214.458
2738,2.80530,2.36095,214.417
2739,2.80595,2.36142,214.377
2740,2.80660,2.36190,214.336
2741,2.80725,2.36237,214.295
2742,2.80790,2.36285,214.254
2743,2.80855,2.36332,214.214
2744,2.80920,2.36380,214.173
2745,2.80985,2.36427,214.132
2746,2.81050,2.36475,214.091
2747,2.81115,2.36522,214.051
2748,2.81180,2.36570,214.010
2749,2.81245,2.36617,213.969
2750,2.81310,2.36665,213.928
2751,2.81375,2.36712,213.888
2752,2.81440,2.36760,213.847
2753,2.81505,2.36807,213.806
2754,2.81570,2.36855,213.765
2755,2.81635,2.36902,213.725
2756,2.81700,2.36950,213.684
2757,2.81765,2.36997,213.643
2758,2.81830,2.37045,213.602
2759,2.81895,2.37092,213.562
2760,2.81960,2.37140,213.521
2761,2.82025,2.37187,213.480
2762,2.82090,2.37235,213.439
2763,2.82155,2.37282,213.399
2764,2.82220,2.37330,213.358
2765,2.82285,2.37377,213.317
2766,2.82350,2.37425,213.276
2767,2.82415,2.37472,213.236
2768,2.82480,2.37520,213.195
2769,2.82545,2.37567,213.154
2770,2.82610,2.37615,213.113
2771,2.82675,2.37662,213.073
2772,2.82740,2.37710,213.032
2773,2.82805,2.37757,212.991
2774,2.82870,2.37805,212.950
2775,2.82935,2.37852,212.910
2776,2.83000,2.37900,212.869
2777,2.83065,2.37947,212.828
2778,2.83130,2.37995,212.787
2779,2.83195,2.38042,212.747
2780,2.83260,2.38090,212.706
2781,2.83325,2.38137,212.665
2782,2.83390,2.38185,212.624
2783,2.83455,2.38232,212.584
2784,2.83520,2.38280,212.543
2785,2.83585,2.38327,212.502
2786,2.83650,2.38375,212.461
2787,2.83715,2.38422,212.421
2788,2.83780,2.38470,212.380
2789,2.83845,2.38517,212.339
2790,2.83910,2.38565,212.298
2791,2.83975,2.38612,212.258
2792,2.84040,2.38660,212.217
2793,2.84105,2.38707,212.176
2794,2.84170,2.38755,212.135
2795,2.84235,2.38802,212.095
2796,2.84300,2.38850,212.054
2797,2.84365,2.38897,212.013
2798,2.84430,2.38945,211.972
2799,2.84495,2.38992,211.932
2800,2.84560,2.39040,211.891
2801,2.84625,2.39087,211.850
2802,2.84690,2.39135,211.809
2803,2.84755,2.39182,211.769
2804,2.84820,2.39230,211.728
2805,2.84885,2.39277,211.687
2806,2.84950,2.39325,211.646
2807,2.85015,2.39372,211.606
2808,2.85080,2.39420,211.565
2809,2.85145,2.39467,211.524
2810,2.85210,2.39515,211.483
2811,2.85275,2.39562,211.443
2812,2.85340,2.39610,211.402
2813,2.85405,2.39657,211.361
2814,2.85470,2.39705,211.320
2815,2.85535,2.39752,211.280
2816,2.85600,2.39800,211.239
2817,2.85665,2.39847,211.198
2818,2.85730,2.39895,211.157
2819,2.85795,2.39942,211.117
2820,2.85860,2.39990,211.076
2821,2.85925,2.40037,211.035
2822,2.85990,2.40085,210.994
2823,2.86055,2.40132,210.954
2824,2.86120,2.40180,210.913
2825,2.86185,2.40227,210.872
2826,2.86250,2.40275,210.831
2827,2.86315,2.40322,210.791
2828,2.86380,2.40370,210.750
2829,2.86445,2.40417,210.709
2830,2.86510,2.40465,210.668
2831,2.86575,2.40512,210.628
2832,2.86640,2.40560,210.587
2833,2.86705,2.40607,210.546
2834,2.86770,2.40655,210.505
2835,2.86835,2.40702,210.465
2836,2.86900,2.40750,210.424
2837,2.86965,2.40797,210.383
2838,2.87030,2.40845,210.342
2839,2.87095,2.40892,210.302
2840,2.87160,2.40940,210.261
2841,2.87225,2.40987,210.220
2842,2.87290,2.41035,210.179
2843,2.87355,2.41082,210.139
2844,2.87420,2.41130,210.098
2845,2.87485,2.41177,210.057
2846,2.87550,2.41225,210.016
2847,2.87615,2.41272,209.976
2848,2.87680,2.41320,209.935
2849,2.87745,2.41367,209.894
2850,2.87810,2.41415,209.853
2851,2.87875,2.41462,209.813
2852,2.87940,2.41510,209.772
2853,2.88005,2.41557,209.731
2854,2.88070,2.41605,209.690
2855,2.88135,2.41652,209.650
2856,2.88200,2.41700,209.609
2857,2.88265,2.41747,209.568
2858,2.88330,2.41795,209.527
2859,2.88395,2.41842,209.487
2860,2.88460,2.41890,209.446
2861,2.88525,2.41937,209.405
2862,2.88590,2.41985,209.364
2863,2.88655,2.42032,209.324
2864,2.88720,2.42080,209.283
2865,2.88785,2.42127,209.242
2866,2.88850,2.42175,209.201
2867,2.88915,2.42222,209.161
2868,2.88980,2.42270,209.120
2869,2.89045,2.42317,209.079
2870,2.89110,2.42365,209.038
2871,2.89175,2.42412,208.998
2872,2.89240,2.42460,208.957
2873,2.89305,2.42507,208.916
2874,2.89370,2.42555,208.875
2875,2.89435,2.42602,208.835
2876,2.89500,2.42650,208.794
2877,2.89565,2.42697,208.753
2878,2.89630,2.42745,208.712
2879,2.89695,2.42792,208.672
2880,2.89760,2.42840,208.631
2881,2.89825,2.42887,208.590
2882,2.89890,2.42935,208.549
2883,2.89955,2.42982,208.509
2884,2.90020,2.43030,208.468
2885,2.90085,2.43077,208.427
2886,2.90150,2.43125,208.386
2887,2.90215,2.43172,208.346
2888,2.90280,2.43220,208.305
2889,2.90345,2.43267,208.264
2890,2.90410,2.43315,208.223
2891,2.90475,2.43362,208.183
2892,2.90540,2.43410,208.142
2893,2.90605,2.43457,208.101
2894,2.90670,2.43505,208.060
2895,2.90735,2.43552,208.020
2896,2.90800,2.43600,207.979
2897,2.90865,2.43647,207.938
2898,2.90930,2.43695,207.897
2899,2.90995,2.43742,207.857
2900,2.91060,2.43790,207.816
2901,2.91125,2.43837,207.775
2902,2.91190,2.43885,207.734
2903,2.91255,2.43932,207.694
2904,2.91320,2.43980,207.653
2905,2.91385,2.44027,207.612
2906,2.91450,2.44075,207.571
2907,2.91515,2.44122,207.531
2908,2.91580,2.44170,207.490
2909,2.91645,2.44217,207.449
2910,2.91710,2.44265,207.408
2911,2.91775,2.44312,207.368
2912,2.91840,2.44360,207.327
2913,2.91905,2.44407,207.286
2914,2.91970,2.44455,207.245
2915,2.92035,2.44502,207.205
2916,2.92100,2.44550,207.164
2917,2.92165,2.44597,207.123
2918,2.92230,2.44645,207.082
2919,2.92295,2.44692,207.042
2920,2.92360,2.44740,207.001
2921,2.92425,2.44787,206.960
2922,2.92490,2.44835,206.919
2923,2.92555,2.44882,206.879
2924,2.92620,2.44930,206.838
2925,2.92685,2.44977,206.797
2926,2.92750,2.45025,206.756
2927,2.92815,2.45072,206.716
2928,2.92880,2.45120,206.675
2929,2.92945,2.45167,206.634
2930,2.93010,2.45215,206.593
2931,2.93075,2.45262,206.553
2932,2.93140,2.45310,206.512
2933,2.93205,2.45357,206.471
2934,2.93270,2.45405,206.430
2935,2.93335,2.45452,206.390
2936,2.93400,2.45500,206.349
2937,2.93465,2.45547,206.308
2938,2.93530,2.45595,206.267
2939,2.93595,2.45642,206.227
2940,2.93660,2.45690,206.186
2941,2.93725,2.45737,206.145
2942,2.93790,2.45785,206.104
2943,2.93855,2.45832,206.064
2944,2.93920,2.45880,206.023
2945,2.93985,2.45927,205.982
2946,2.94050,2.45975,205.941
2947,2.94115,2.46022,205.901
2948,2.94180,2.46070,205.860
2949,2.94245,2.46117,205.819
2950,2.94310,2.46165,205.778
2951,2.94375,2.46212,205.738
2952,2.94440,2.46260,205.697
2953,2.94505,2.46307,205.656
2954,2.94570,2.46355,205.615
2955,2.94635,2.46402,205.575
2956,2.94700,2.46450,205.534
2957,2.94765,2.46497,205.493
2958,2.94830,2.46545,205.452
2959,2.94895,2.46592,205.412
2960,2.94960,2.46640,205.371
2961,2.95025,2.46687,205.330
2962,2.95090,2.46735,205.289
2963,2.95155,2.46782,205.249
2964,2.95220,2.46830,205.208
2965,2.95285,2.46877,205.167
2966,2.95350,2.46925,205.126
2967,2.95415,2.46972,205.086
2968,2.95480,2.47020,205.045
2969,2.95545,2.47067,205.004
2970,2.95610,2.47115,204.963
2971,2.95675,2.47162,204.923
2972,2.95740,2.47210,204.882
2973,2.95805,2.47257,204.841
2974,2.95870,2.47305,204.800
2975,2.95935,2.47352,204.760
2976,2.96000,2.47400,204.719
2977,2.96065,2.47447,204.678
2978,2.96130,2.47495,204.637
2979,2.96195,2.47542,204.597
2980,2.96260,2.47590,204.556
2981,2.96325,2.47637,204.515
2982,2.96390,2.47685,204.474
2983,2.96455,2.47732,204.434
2984,2.96520,2.47780,204.393
2985,2.96585,2.47827,204.352
2986,2.96650,2.47875,204.311
2987,2.96715,2.47922,204.271
2988,2.96780,2.47970,204.230
2989,2.96845,2.48017,204.189
2990,2.96910,2.48065,204.148
2991,2.96975,2.48112,204.108
2992,2.97040,2.48160,204.067
2993,2.97105,2.48207,204.026
2994,2.97170,2.48255,203.985
2995,2.97235,2.48302,203.945
2996,2.97300,2.48350,203.904
2997,2.97365,2.48397,203.863
2998,2.97430,2.48445,203.822
2999,2.97495,2.48492,203.782
3000,2.97560,2.48540,203.741
3001,2.97625,2.48587,203.700
3002,2.97690,2.48635,203.659
3003,2.97755,2.48682,203.619
3004,2.97820,2.48730,203.578
3005,2.97885,2.48777,203.537
3006,2.97950,2.48825,203.496
3007,2.98015,2.48872,203.456
3008,2.98080,2.48920,203.415
3009,2.98145,2.48967,203.374
3010,2.98210,2.49015,203.333
3011,2.98275,2.49062,203.293
3012,2.98340,2.49110,203.252
3013,2.98405,2.49157,203.211
3014,2.98470,2.49205,203.170
3015,2.98535,2.49252,203.130
3016,2.98600,2.49300,203.089
3017,2.98665,2.49347,203.048
3018,2.98730,2.49395,203.007
3019,2.98795,2.49442,202.967
3020,2.98860,2.49490,202.926
3021,2.98925,2.49537,202.885
3022,2.98990,2.49585,202.844
3023,2.99055,2.49632,202.804
3024,2.99120,2.49680,202.763
3025,2.99185,2.49727,202.722
3026,2.99250,2.49775,202.681
3027,2.99315,2.49822,202.641
3028,2.99380,2.49870,202.600
3029,2.99445,2.49917,202.559
3030,2.99510,2.49965,202.518
3031,2.99575,2.50012,202.478
3032,2.99640,2.50060,202.437
3033,2.99705,2.50107,202.396
3034,2.99770,2.50155,202.355
3035,2.99835,2.50202,202.315
3036,2.99900,2.50250,202.274
3037,2.99965,2.50297,202.233
3038,3.00030,2.50345,202.192
3039,3.00095,2.50392,202.152
3040,3.00160,2.50440,202.111
3041,3.00225,2.50487,202.070
3042,3.00290,2.50535,202.029
3043,3.00355,2.50582,201.989
3044,3.00420,2.50630,201.948
3045,3.00485,2.50677,201.907
3046,3.00550,2.50725,201.866
3047,3.00615,2.50772,201.826
3048,3.00680,2.50820,201.785
3049,3.00745,2.50867,201.744
3050,3.00810,2.50915,201.703
3051,3.00875,2.50962,201.663
3052,3.00940,2.51010,201.622
3053,3.01005,2.51057,201.581
3054,3.01070,2.51105,201.540
3055,3.01135,2.51152,201.500
3056,3.01200,2.51200,201.459
3057,3.01265,2.51247,201.418
3058,3.01330,2.51295,201.377
3059,3.01395,2.51342,201.337
3060,3.01460,2.51390,201.296
3061,3.01525,2.51437,201.255
3062,3.01590,2.51485,201.214
3063,3.01655,2.51532,201.174
3064,3.01720,2.51580,201.133
3065,3.01785,2.51627,201.092
3066,3.01850,2.51675,201.051
3067,3.01915,2.51722,201.011
3068,3.01980,2.51770,200.970
3069,3.02045,2.51817,200.929
3070,3.02110,2.51865,200.888
3071,3.02175,2.51912,200.848
3072,3.02240,2.51960,200.807
3073,3.02305,2.52007,200.766
3074,3.02370,2.52055,200.725
3075,3.02435,2.52102,200.685
3076,3.02500,2.52150,200.644
3077,3.02565,2.52197,200.603
3078,3.02630,2.52245,200.562
3079,3.02695,2.52292,200.522
3080,3.02760,2.52340,200.481
3081,3.02825,2.52387,200.440
3082,3.02890,2.52435,200.399
3083,3.02955,2.52482,200.359
3084,3.03020,2.52530,200.318
3085,3.03085,2.52577,200.277
3086,3.03150,2.52625,200.236
3087,3.03215,2.52672,200.196
3088,3.03280,2.52720,200.155
3089,3.03345,2.52767,200.114
3090,3.03410,2.52815,200.073
3091,3.03475,2.52862,200.033
3092,3.03540,2.52910,199.992
3093,3.03605,2.52957,199.951
3094,3.03670,2.53005,199.910
3095,3.03735,2.53052,199.870
3096,3.03800,2.53100,199.829
3097,3.03865,2.53147,199.788
3098,3.03930,2.53195,199.747
3099,3.03995,2.53242,199.707
3100,3.04060,2.53290,199.666
